#1
21.5,29.5,48,53,66,70,72,73.5,86,90,98,107,118,124,132,140,148,156,172,184,186,188,191,198,207,211,214,224,235,240,244,245.5,304,320,328,336,340,342,351,353,359,367,374,395.5,398,408,410,422,425.5,428,446,461,471,475,478,482,488,490,512

#2
20,32,39,44,56,58,64,77.5,83,85,88,96,99,104,108,110,114,120,128,138,144,152,157,160,165,176,182,192,193,195,203,205,206,222,231,257,258,259,262,267,268,272.5,273.5,278.5,283,284,288.5,289.5,299,302,312,325.5,330,333,344,354,357,363,365,369,379,384,390,392,394,400,405,420,427,431,434,436,439,442,449,457,459,463

#3
16,36,54.5,60,62,69,75,80,81.5,92,94,105.5,116,122,136,142,154,170,179,189.5,200,201,208,209,216,217,219,221,226,228,233,237.5,247,256,260,261,264,265,270,271,275.5,276.5,280,281,286,287,291.5,292.5,293.5,296,303,310,311,313.5,316,318,321.5,345,349,355.5,361,371.5,373,376,380,383,385.5,403,411,414,418,424,438,445,450,453,455,458,460,467,485,491

#4
15,132,148,162,164,323,327,342,347,374,408,410,416,422,428,443

#5
15.5,28,31,67,73.5,76,77.5,86,91,100,102,105.5,108,110,128,139,144,158,168,178,183,189.5,194,199,205,215,225,229.5,234,252,254,257.5,258.5,259.5,267.5,268.5,272,273,278,279,283.5,284.5,288,289,302,313.5,319,325.5,346,355,358,366,370,387,393,395,398,406,420,430,437,451,457,459,471,479,481

#6
23,32,37.5,54,55,58,60,71,81.5,89,97,104,107,141,155,161,181,188,210,218,221,239,244,245.5,256,260.5,261.5,264.5,265.5,270.5,275,276,280.5,281.5,286.5,291,292,293,310.5,315,321.5,329,334,347.5,350,362,371,377.5,380,382,388,390,401.5,411,414,418,424,431,434,436,439,447,449,458,460,465,477,486

#7
18,52,62,64,68,79,112,124,137,153,166,176,180,184,186,191,196,197,202,212,213,227,232,236,247,250,294,296,305.5,307,316,324,332,336,340,344,353,376,382,384,392,416,443,455,461,475,483,488,490,512